   slot  full_n  full_pnl    r1_pnl    d_full  fresh_n  fresh_pnl  fresh_10  fresh_25  fresh_wr  fresh_dd  per_trade      gate  er_life  er_60  idle
  NQ_4h     308 157175.50 151056.19   6119.31       31    5520.53   5210.53   4745.53    0.5484   7472.63      178.1 89.662804   0.3205 0.1615     1
  NQ_2h     200  88624.99  82752.51   5872.48       15    5872.48   5722.48   5497.48    0.6000   5800.00      391.5 85.185982   0.1382 0.0419    10
  NQ_1h     139  74647.81  77493.07  -2845.26       10   -4175.26  -4275.26  -4425.26    0.2000   5345.13     -417.5 79.794731   0.0679 0.0179     3
 NQ_15m     242  33206.99  34600.45  -1393.46       49   -1988.37  -2478.37  -3213.37    0.4490   8197.07      -40.6 99.430962   0.0615 0.0668     2
  NQ_5m     105  14132.34  15216.45  -1084.11        4   -1084.11  -1124.11  -1184.11    0.2500    551.24     -271.0 30.375843   0.0135 0.0009    53
  NQ_2m     540  29633.42  31653.38  -2019.96       20   -2091.06  -2291.06  -2591.06    0.2500   2897.22     -104.6 76.462405   0.0447 0.0048     4
  ES_4h     159  40432.40  74237.33 -33804.93       17    6678.17   6508.17   6253.17    0.5294   6975.00      392.8 72.861898   0.1799 0.1398     2
  ES_2h     256  73526.67  67026.35   6500.32       33    9238.81   8908.81   8413.81    0.4848   4431.97      280.0 80.706031   0.2124 0.2205     2
  ES_1h     278  70553.04  63062.90   7490.14       31    1175.50    865.50    400.50    0.3871   3926.40       37.9 79.120276   0.1509 0.1357     0
 ES_15m     205  28904.84  25589.07   3315.77       26    2958.88   2698.88   2308.88    0.5385   5147.58      113.8 83.033185   0.0640 0.0608    10
  ES_5m      88   3163.82   5080.33  -1916.51        6    -121.80   -181.80   -271.80    0.6667    398.40      -20.3 89.482258   0.0131 0.0074     4
  ES_2m     459   -435.26  12042.33 -12477.59       19     489.25    299.25     14.25    0.8421    229.13       25.8 93.060031   0.0461 0.0150     3
  GC_4h     349  99694.56  89071.57  10622.99       30    7501.11   7201.11   6751.11    0.5667   5500.00      250.0 97.639440   0.2851 0.3548     2
  GC_2h     377  76298.63  84927.50  -8628.87       39   -6767.00  -7157.00  -7742.00    0.3846  11503.40     -173.5 93.382949   0.2069 0.2467     1
  GC_1h     646  86114.34  86969.16   -854.82       72   -5109.74  -5829.74  -6909.74    0.3611  10305.08      -71.0 97.517697   0.2514 0.3123     1
 GC_15m    2232  75124.47  82616.37  -7491.90      183   -4056.65  -5886.65  -8631.65    0.6066  12763.71      -22.2 98.897346   0.4275 0.5008     1
  GC_5m     509  23460.82  19966.06   3494.76       43    2877.29   2447.29   1802.29    0.4651   2237.93       66.9 87.644141   0.0500 0.0515     2
  GC_2m     968  41437.78  38705.50   2732.28       71     917.52    207.52   -857.48    0.5211   2978.20       12.9 94.749006   0.0617 0.0743     1
  SI_4h     236  59868.08  62526.88  -2658.80       25   -6178.12  -6428.12  -6803.12    0.4400   9586.36     -247.1 98.582999   0.2218 0.2748     2
  SI_2h     221  74089.30  76004.97  -1915.67       16    -415.71   -575.71   -815.71    0.3750   5213.58      -26.0 99.438102   0.1632 0.1564     2
  SI_1h     419  30379.05  40463.94 -10084.89       41   -7584.89  -7994.89  -8609.89    0.3171   7961.28     -185.0 97.871844   0.1990 0.2623     1
 SI_15m    2018  81564.80  79367.44   2197.36      198    7810.20   5830.20   2860.20    0.5960   5081.32       39.4 98.910758   0.3896 0.4837     1
  SI_5m    2860  52284.05  45199.14   7084.91      254    6079.07   3539.07   -270.93    0.3701   2182.40       23.9 99.080688   0.5337 0.7333     1
  SI_2m    3899  71218.46  65198.68   6019.78      350    6136.67   2636.67  -2613.33    0.3457   2652.01       17.5 95.953431   0.3169 0.3541     1
  HG_4h     263  64586.34  63524.00   1062.34       17    1922.08   1752.08   1497.08    0.4706   2338.28      113.1 93.190811   0.2662 0.3226     2
  HG_2h     611  32120.83  33024.71   -903.88       32    -697.70  -1017.70  -1497.70    0.1875   2164.96      -21.8 97.287042   0.3611 0.3819     1
  HG_1h     472  28026.75  27660.42    366.33       24     201.22    -38.78   -398.78    0.5833    744.68        8.4 97.287042   0.1929 0.2206     4
 HG_15m    2946  29683.08  28484.95   1198.13      149     631.93   -858.07  -3093.07    0.1342   1091.92        4.2 88.860220   0.6092 0.6206     1
  HG_5m    1760  21166.16  20834.74    331.42       73     172.74   -557.26  -1652.26    0.2603    339.90        2.4 89.662804   0.3277 0.3325     1
  HG_2m    7558  58750.92  55473.50   3277.42      318    2047.80  -1132.20  -5902.20    0.3333    719.02        6.4 96.950957   0.6556 0.6740     1
  CL_4h     411  20532.51  19366.02   1166.49       11     727.84    617.84    452.84    0.8182   2180.00       66.2 95.887633   0.4340 0.2231     3
  CL_2h     195   4744.35   6480.23  -1735.88       16   -1887.78  -2047.78  -2287.78    0.4375   2389.68     -118.0 97.807001   0.1294 0.1562     0
  CL_1h     598   8830.50   8243.90    586.60       26     359.90     99.90   -290.10    0.5000    881.42       13.8 96.329033   0.2806 0.1942     3
 CL_15m    1217  16751.88  15643.36   1108.52       20     488.32    288.32    -11.68    0.7000    339.36       24.4 91.117126   0.2796 0.0892     3
  CL_5m    2518  14880.60  15032.05   -151.45      133      -5.68  -1335.68  -3330.68    0.2406    915.76       -0.0 97.287042   0.3341 0.2488     1
  CL_2m    4934  25486.24  23754.90   1731.34      201    1347.02   -662.98  -3677.98    0.4129    359.28        6.7 92.411080   0.4576 0.2835     1
  NG_4h     635  32851.82  30228.00   2623.82       23    2022.01   1792.01   1447.01    0.6957    640.07       87.9 94.383176   0.6281 0.6506     1
  NG_2h     712  14867.72  14303.00    564.72       28     543.18    263.18   -156.82    0.3929    457.02       19.4 95.887633   0.4573 0.5167     3
  NG_1h    1820  16190.69  14440.90   1749.79       64    1233.95    593.95   -366.05    0.3281    806.79       19.3 93.190811   0.8525 1.0000     1
 NG_15m    3065  19594.66  18237.29   1357.37      105     772.90   -277.10  -1852.10    0.4000    322.64        7.4 90.892240   0.7180 0.9383     1
  NG_5m    7073  30559.91  29071.25   1488.66      198     781.92  -1198.08  -4168.08    0.2879    114.54        3.9 98.802107   0.9457 0.9944     1
  NG_2m    8867  30710.08  27950.04   2760.04      272    1642.96  -1077.04  -5157.04    0.5368    135.03        6.0 95.925496   0.8349 0.9644     1
 RTY_4h     317  34445.43  36219.42  -1773.99       18   -1653.99  -1833.99  -2103.99    0.3333   2979.27      -91.9 92.852076   0.3461 0.3548     7
 RTY_2h     182  16849.04  17195.18   -346.14        4    -634.00   -674.00   -734.00    0.5000    921.86     -158.5 89.662804   0.1282 0.0571     7
 RTY_1h     220  16367.81  16119.47    248.34        6    -148.81   -208.81   -298.81    0.5000    560.26      -24.8 98.673024   0.1084 0.1045     8
RTY_15m     113   8443.65   8593.74   -150.09        1    -150.09   -160.09   -175.09    0.0000      0.00     -150.1 78.295127   0.0267 0.0100    16
 RTY_5m    1496  18217.25  19563.85  -1346.60       70    -963.85  -1663.85  -2713.85    0.4714   2243.90      -13.8 87.654076   0.2230 0.1961     1
 RTY_2m    2801  17521.21  17993.18   -471.97      125    -204.17  -1454.17  -3329.17    0.4800    595.50       -1.6 81.432191   0.2804 0.2296     1
  YM_4h     200  50355.07  50585.02   -229.95        9   -1908.47  -1998.47  -2133.47    0.5556   3643.47     -212.1 95.247378   0.2250 0.2000     4
  YM_2h      39  20254.94  21492.91  -1237.97        4   -1502.97  -1542.97  -1602.97    0.2500   1949.04     -375.7 55.979096   0.0296 0.0476     2
  YM_1h     491  51744.98  55541.78  -3796.80       29   -3720.44  -4010.44  -4445.44    0.3793   4713.40     -128.3 97.520114   0.2683 0.2905     0
 YM_15m    1096  26318.48  28217.71  -1899.23       58   -1120.82  -1700.82  -2570.82    0.4828   2645.32      -19.3 99.163449   0.3198 0.3593     1
  YM_5m     605  21217.88  17672.65   3545.23       42    3504.30   3084.30   2454.30    0.7619    479.69       83.4 85.804672   0.0911 0.0918     1
  YM_2m    1175  31933.79  29127.37   2806.42       74    2323.02   1583.02    473.02    0.5946   1007.57       31.4 84.332321   0.1235 0.1418     1

TOTAL full r2 2169105.47 r1 2180903.11
FRESH raw 29807.09 n 3733 @$10 -7522.91 @$25 -63517.91
fresh neg raw 24 neg@10 32 neg@25 39 n<10: 7
4h fresh raw 14631 @10 12821 @25 10106 n 181
2h fresh raw 3749 @10 1879 @25 -926 n 187
1h fresh raw -17769 @10 -20799 @25 -25344 n 303
15m fresh raw 5346 @10 -2544 @25 -14379 n 789
5m fresh raw 11240 @10 3010 @25 -9335 n 823
2m fresh raw 12609 @10 -1891 @25 -23641 n 1450
NQ fresh raw 2054 @10 764 @25 -1171 n 129 | full Δ vs r1 4649
ES fresh raw 20419 @10 19099 @25 17119 n 132 | full Δ vs r1 -30893
GC fresh raw -4637 @10 -9017 @25 -15587 n 438 | full Δ vs r1 -126
SI fresh raw 5847 @10 -2993 @25 -16253 n 884 | full Δ vs r1 643
HG fresh raw 4278 @10 -1852 @25 -11047 n 613 | full Δ vs r1 5332
CL fresh raw 1030 @10 -3040 @25 -9145 n 407 | full Δ vs r1 2706
NG fresh raw 6997 @10 97 @25 -10253 n 690 | full Δ vs r1 10544
RTY fresh raw -3755 @10 -5995 @25 -9355 n 224 | full Δ vs r1 -3840
YM fresh raw -2425 @10 -4585 @25 -7825 n 216 | full Δ vs r1 -812
