mkt tf   |  best full  wsh4 full     Δfull |  best oos  wsh4 oos      Δoos
----------------------------------------------------------------------------
NQ  4h  |    151,655    151,655        +0 |    61,601    61,601        +0
NQ  2h *|     82,752    101,517   +18,765 |    40,745    26,728   -14,017
NQ  1h *|     78,823    110,038   +31,215 |    27,203    38,008   +10,805
NQ 15m  |     35,195     81,290   +46,095 |    21,306    34,172   +12,866
NQ  5m  |     15,216     20,092    +4,876 |     2,600       282    -2,318
NQ  2m  |     31,724     31,898      +174 |     4,545     7,816    +3,271
GC  4h  |     89,072     79,015   -10,057 |    34,290    11,816   -22,474
GC  2h  |     84,928     84,927        -1 |    26,101    26,100        -1
GC  1h  |     86,969     86,969        +0 |    28,740    28,741        +1
GC 15m *|     82,610     87,901    +5,291 |    37,897    40,123    +2,226
GC  5m  |     19,965     18,131    -1,834 |    10,346     7,155    -3,191
GC  2m  |     38,707     38,705        -2 |    13,699    13,699        +0
----------------------------------------------------------------------------
TOTAL    |    797,616    892,138   +94,522 |   309,073   296,241   -12,832

(* = FA-adopted slot.  Δ = wsh4-adopted minus best_, both on the HONEST engine. + = wsh4 better.)
